# UTC Date    TIME   JUL    SEC
# YY  MM  DD  TIME   Day    Day       P>1          P>5          P>10         P>30         P>50        P>100
#===============================================================================================================
2024  02  08  2355  60348  86100  2.37100e+01  2.23006e-01  2.14006e-01  1.61006e-01  1.56006e-01  1.55006e-01
2024  02  09  0000  60349      0  2.70397e+01  2.10673e-01  2.02673e-01  1.93673e-01  1.92673e-01  1.91673e-01
2024  02  09  0005  60349    300  1.98243e+01  2.75340e-01  2.50340e-01  2.08340e-01  2.05340e-01  2.01340e-01
2024  02  09  0010  60349    600  2.07223e+01  2.63340e-01  2.55340e-01  2.31340e-01  2.30340e-01  2.28340e-01
2024  02  09  0015  60349    900  2.05870e+01  2.79007e-01  2.71007e-01  2.24007e-01  2.09007e-01  2.01007e-01
2024  02  09  0020  60349   1200  1.93990e+01  3.36007e-01  3.02007e-01  2.13007e-01  2.07007e-01  2.06007e-01
2024  02  09  0025  60349   1500  1.98233e+01  2.98340e-01  2.74340e-01  2.06340e-01  2.02340e-01  2.00340e-01
2024  02  09  0030  60349   1800  1.84903e+01  2.37339e-01  2.29339e-01  1.94339e-01  1.90339e-01  1.86339e-01
2024  02  09  0035  60349   2100  1.80653e+01  2.41340e-01  2.26340e-01  1.94340e-01  1.93340e-01  1.88340e-01
2024  02  09  0040  60349   2400  1.60540e+01  2.37005e-01  2.10005e-01  1.93005e-01  1.90005e-01  1.87005e-01
2024  02  09  0045  60349   2700  1.55723e+01  2.07339e-01  1.99339e-01  1.90339e-01  1.89339e-01  1.80339e-01
2024  02  09  0050  60349   3000  1.55207e+01  1.94672e-01  1.86672e-01  1.77673e-01  1.73672e-01  1.73672e-01
2024  02  09  0055  60349   3300  1.53043e+01  2.28340e-01  2.20340e-01  1.94340e-01  1.91340e-01  1.86340e-01
2024  02  09  0100  60349   3600  1.57087e+01  2.79675e-01  2.64675e-01  2.42675e-01  2.41675e-01  2.34675e-01
2024  02  09  0105  60349   3900  1.58777e+01  2.71673e-01  2.62673e-01  1.99673e-01  1.92673e-01  1.92673e-01
2024  02  09  0110  60349   4200  1.36353e+01  2.15340e-01  2.07340e-01  1.98340e-01  1.95340e-01  1.88340e-01
2024  02  09  0115  60349   4500  1.46907e+01  2.47673e-01  2.39673e-01  1.97673e-01  1.94673e-01  1.93673e-01
2024  02  09  0120  60349   4800  1.48340e+01  2.15006e-01  2.07006e-01  1.88006e-01  1.87006e-01  1.85006e-01
2024  02  09  0125  60349   5100  1.41967e+01  2.82674e-01  2.74674e-01  2.59674e-01  2.58674e-01  2.57674e-01
2024  02  09  0130  60349   5400  1.46777e+01  2.31673e-01  2.23673e-01  2.09673e-01  1.98673e-01  1.92673e-01
2024  02  09  0135  60349   5700  1.61857e+01  2.26672e-01  2.12672e-01  1.90672e-01  1.72672e-01  1.65672e-01
2024  02  09  0140  60349   6000  1.55390e+01  2.85007e-01  2.71007e-01  2.23007e-01  2.21007e-01  2.12007e-01
2024  02  09  0145  60349   6300  1.56137e+01  2.48673e-01  2.34673e-01  1.86673e-01  1.82673e-01  1.73673e-01
2024  02  09  0150  60349   6600  1.50343e+01  3.07338e-01  2.60338e-01  1.80338e-01  1.63338e-01  1.53338e-01
2024  02  09  0155  60349   6900  1.30077e+01  2.62673e-01  2.29673e-01  2.11673e-01  2.08673e-01  2.07673e-01
2024  02  09  0200  60349   7200  1.35750e+01  2.25007e-01  2.17007e-01  2.09007e-01  2.06007e-01  2.00007e-01
2024  02  09  0205  60349   7500  1.29863e+01  2.34340e-01  2.27340e-01  2.18340e-01  2.15340e-01  2.04340e-01
2024  02  09  0210  60349   7800  1.45663e+01  2.31339e-01  2.17339e-01  1.88339e-01  1.85339e-01  1.83339e-01
2024  02  09  0215  60349   8100  1.31787e+01  2.19673e-01  2.05673e-01  1.83673e-01  1.82673e-01  1.82673e-01
2024  02  09  0220  60349   8400  1.30740e+01  2.21006e-01  2.14006e-01  1.76006e-01  1.72006e-01  1.71006e-01
2024  02  09  0225  60349   8700  1.21107e+01  2.44674e-01  2.36674e-01  2.13674e-01  2.12674e-01  2.07674e-01
2024  02  09  0230  60349   9000  1.05973e+01  2.46340e-01  2.14340e-01  1.96340e-01  1.93340e-01  1.92340e-01
2024  02  09  0235  60349   9300  1.11823e+01  2.68340e-01  2.54340e-01  2.16341e-01  2.13341e-01  2.08341e-01
2024  02  09  0240  60349   9600  1.10450e+01  2.38007e-01  2.31007e-01  2.05007e-01  2.02007e-01  1.95007e-01
2024  02  09  0245  60349   9900  1.02367e+01  2.40673e-01  2.14673e-01  1.98673e-01  1.95673e-01  1.90673e-01
2024  02  09  0250  60349  10200  1.09760e+01  2.76006e-01  2.52006e-01  2.10006e-01  2.00006e-01  1.92006e-01
2024  02  09  0255  60349  10500  9.69267e+00  2.25673e-01  2.12673e-01  1.90673e-01  1.89673e-01  1.88673e-01
2024  02  09  0300  60349  10800  1.00143e+01  2.31340e-01  2.17340e-01  1.89340e-01  1.86340e-01  1.84340e-01
2024  02  09  0305  60349  11100  9.53201e+00  2.77008e-01  2.51008e-01  2.34008e-01  2.27008e-01  2.25008e-01
2024  02  09  0310  60349  11400  1.03837e+01  2.13673e-01  2.06673e-01  1.97673e-01  1.94673e-01  1.88673e-01
2024  02  09  0315  60349  11700  1.01473e+01  2.60340e-01  2.24340e-01  1.91340e-01  1.89340e-01  1.84340e-01
2024  02  09  0320  60349  12000  9.04167e+00  2.45674e-01  2.38674e-01  2.30674e-01  2.27674e-01  2.26674e-01
2024  02  09  0325  60349  12300  9.92901e+00  1.83006e-01  1.76006e-01  1.67006e-01  1.60006e-01  1.59006e-01
2024  02  09  0330  60349  12600  8.59667e+00  1.89672e-01  1.82672e-01  1.73672e-01  1.70672e-01  1.69672e-01
2024  02  09  0335  60349  12900  8.88701e+00  2.34006e-01  2.21006e-01  1.93006e-01  1.90006e-01  1.88006e-01
2024  02  09  0340  60349  13200  8.98667e+00  2.63673e-01  2.28673e-01  1.94673e-01  1.93673e-01  1.92673e-01
2024  02  09  0345  60349  13500  8.65534e+00  2.50340e-01  2.18340e-01  2.01340e-01  1.98340e-01  1.96340e-01
2024  02  09  0350  60349  13800  7.61934e+00  2.70340e-01  2.35340e-01  2.01340e-01  1.98340e-01  1.96340e-01
2024  02  09  0355  60349  14100  7.81001e+00  2.50006e-01  2.26006e-01  1.85006e-01  1.84006e-01  1.83006e-01
2024  02  09  0400  60349  14400  8.53567e+00  2.36672e-01  2.22672e-01  1.71672e-01  1.71672e-01  1.70672e-01
2024  02  09  0405  60349  14700  7.46634e+00  2.24340e-01  2.16340e-01  2.02340e-01  2.00340e-01  1.95340e-01
2024  02  09  0410  60349  15000  6.61534e+00  2.18339e-01  2.11339e-01  2.03339e-01  2.02339e-01  1.96339e-01
2024  02  09  0415  60349  15300  7.27901e+00  2.48006e-01  2.34006e-01  2.13006e-01  2.06006e-01  2.05006e-01
2024  02  09  0420  60349  15600  7.34967e+00  2.83674e-01  2.52674e-01  2.34674e-01  2.27674e-01  2.27674e-01
2024  02  09  0425  60349  15900  6.48301e+00  2.63006e-01  2.56006e-01  2.21006e-01  1.98006e-01  1.92006e-01
2024  02  09  0430  60349  16200  7.92267e+00  2.59672e-01  2.17672e-01  1.82672e-01  1.80672e-01  1.69672e-01
2024  02  09  0435  60349  16500  6.37567e+00  2.62672e-01  2.39672e-01  1.97672e-01  1.94672e-01  1.90672e-01
2024  02  09  0440  60349  16800  6.50567e+00  2.16672e-01  1.84672e-01  1.67672e-01  1.64672e-01  1.61672e-01
2024  02  09  0445  60349  17100  6.30767e+00  3.00673e-01  2.68673e-01  1.97673e-01  1.95673e-01  1.94673e-01
2024  02  09  0450  60349  17400  5.77867e+00  2.29674e-01  2.21674e-01  2.13674e-01  2.10674e-01  2.04674e-01
2024  02  09  0455  60349  17700  5.56234e+00  2.24339e-01  1.92339e-01  1.75339e-01  1.74339e-01  1.72339e-01
2024  02  09  0500  60349  18000  5.23134e+00  2.45340e-01  2.38340e-01  2.23340e-01  2.20340e-01  1.96340e-01
2024  02  09  0505  60349  18300  5.15667e+00  2.05673e-01  1.98673e-01  1.83673e-01  1.80673e-01  1.79673e-01
2024  02  09  0510  60349  18600  5.82634e+00  2.42339e-01  2.28339e-01  2.00339e-01  1.93339e-01  1.93339e-01
2024  02  09  0515  60349  18900  5.35834e+00  2.32339e-01  2.24339e-01  1.65339e-01  1.61339e-01  1.60339e-01
2024  02  09  0520  60349  19200  6.24101e+00  3.05006e-01  2.73006e-01  2.02006e-01  2.00006e-01  1.77006e-01
2024  02  09  0525  60349  19500  5.49567e+00  2.98673e-01  2.53673e-01  2.18673e-01  2.14673e-01  2.09673e-01
2024  02  09  0530  60349  19800  6.10834e+00  2.42339e-01  2.04339e-01  1.85339e-01  1.84339e-01  1.76339e-01
2024  02  09  0535  60349  20100  5.81267e+00  3.33674e-01  3.00674e-01  2.27674e-01  2.24674e-01  2.10674e-01
2024  02  09  0540  60349  20400  6.21467e+00  2.43673e-01  2.35673e-01  2.10673e-01  2.07673e-01  2.06673e-01
2024  02  09  0545  60349  20700  5.25334e+00  2.68339e-01  2.54339e-01  1.96339e-01  1.92339e-01  1.92339e-01
2024  02  09  0550  60349  21000  5.11967e+00  2.40672e-01  2.32672e-01  1.80672e-01  1.77672e-01  1.77672e-01
2024  02  09  0555  60349  21300  5.29201e+00  3.06007e-01  2.83007e-01  2.15007e-01  2.09007e-01  2.08007e-01
2024  02  09  0600  60349  21600  4.43367e+00  2.87673e-01  2.25673e-01  2.03673e-01  1.90673e-01  1.77673e-01
2024  02  09  0605  60349  21900  4.85501e+00  2.57006e-01  2.25006e-01  2.07006e-01  2.06006e-01  1.79006e-01
2024  02  09  0610  60349  22200  5.29167e+00  2.71673e-01  2.48673e-01  1.80673e-01  1.78673e-01  1.77673e-01
2024  02  09  0615  60349  22500  5.50534e+00  3.09340e-01  2.85340e-01  2.37340e-01  2.34340e-01  2.28340e-01
2024  02  09  0620  60349  22800  5.04267e+00  2.68673e-01  2.54673e-01  2.07673e-01  2.05673e-01  2.03673e-01
2024  02  09  0625  60349  23100  5.42101e+00  2.60005e-01  2.16005e-01  1.96005e-01  1.95005e-01  1.90005e-01
2024  02  09  0630  60349  23400  5.51201e+00  2.10006e-01  2.02006e-01  1.94006e-01  1.93006e-01  1.92006e-01
2024  02  09  0635  60349  23700  6.19534e+00  2.25340e-01  2.17340e-01  2.08340e-01  2.05340e-01  2.01340e-01
2024  02  09  0640  60349  24000  6.06367e+00  1.98672e-01  1.84672e-01  1.62672e-01  1.59672e-01  1.51672e-01
2024  02  09  0645  60349  24300  6.10534e+00  3.45338e-01  2.84338e-01  1.56338e-01  1.53338e-01  1.51338e-01
2024  02  09  0650  60349  24600  6.64467e+00  3.20674e-01  2.96674e-01  2.28674e-01  2.24674e-01  2.18674e-01
2024  02  09  0655  60349  24900  5.63101e+00  3.26006e-01  2.76006e-01  2.14006e-01  2.11006e-01  2.03006e-01
2024  02  09  0700  60349  25200  6.43267e+00  3.21673e-01  2.81673e-01  2.05673e-01  2.01673e-01  2.00673e-01
2024  02  09  0705  60349  25500  5.58967e+00  2.16673e-01  2.08673e-01  1.77673e-01  1.74673e-01  1.73673e-01
2024  02  09  0710  60349  25800  3.79067e+00  2.13673e-01  2.05673e-01  1.97673e-01  1.94673e-01  1.85673e-01
2024  02  09  0715  60349  26100  4.26867e+00  2.69673e-01  2.61673e-01  2.23673e-01  2.17673e-01  2.15673e-01
2024  02  09  0720  60349  26400  4.27601e+00  2.77006e-01  2.53006e-01  2.05006e-01  1.89006e-01  1.81006e-01
2024  02  09  0725  60349  26700  4.25267e+00  2.52673e-01  2.44673e-01  2.36673e-01  2.35673e-01  2.21673e-01
2024  02  09  0730  60349  27000  4.15934e+00  3.00338e-01  2.60338e-01  1.84338e-01  1.76338e-01  1.75338e-01
2024  02  09  0735  60349  27300  4.45434e+00  2.75339e-01  2.36339e-01  2.14339e-01  2.09339e-01  2.06339e-01
2024  02  09  0740  60349  27600  4.72434e+00  2.30340e-01  2.22340e-01  2.07340e-01  2.03340e-01  2.03340e-01
2024  02  09  0745  60349  27900  3.46267e+00  3.70672e-01  2.48672e-01  1.69672e-01  1.66672e-01  1.62672e-01
2024  02  09  0750  60349  28200  3.55567e+00  2.91671e-01  2.42671e-01  1.38671e-01  1.32671e-01  1.31671e-01
2024  02  09  0755  60349  28500  3.47067e+00  2.45673e-01  2.18673e-01  2.02673e-01  2.01673e-01  2.00673e-01
2024  02  09  0800  60349  28800  3.29601e+00  2.47007e-01  2.39007e-01  2.04007e-01  2.00006e-01  1.98007e-01
2024  02  09  0805  60349  29100  3.61101e+00  2.45006e-01  2.37006e-01  1.90006e-01  1.87006e-01  1.81006e-01
2024  02  09  0810  60349  29400  3.39001e+00  2.34006e-01  2.01006e-01  1.83006e-01  1.80006e-01  1.74006e-01
2024  02  09  0815  60349  29700  2.96267e+00  2.29673e-01  2.14673e-01  1.92673e-01  1.91673e-01  1.91673e-01
2024  02  09  0820  60349  30000  3.68867e+00  2.73672e-01  2.51672e-01  2.04672e-01  1.85672e-01  1.74672e-01
2024  02  09  0825  60349  30300  2.92834e+00  2.65340e-01  2.51340e-01  2.23340e-01  2.13340e-01  2.11340e-01
2024  02  09  0830  60349  30600  3.57067e+00  3.39672e-01  2.83672e-01  1.94672e-01  1.79672e-01  1.71672e-01
2024  02  09  0835  60349  30900  3.76867e+00  2.46673e-01  2.24673e-01  1.90673e-01  1.86673e-01  1.79673e-01
2024  02  09  0840  60349  31200  3.46701e+00  2.41006e-01  2.26006e-01  2.05006e-01  1.97006e-01  1.96006e-01
2024  02  09  0845  60349  31500  3.40534e+00  2.49339e-01  2.25339e-01  1.83339e-01  1.82339e-01  1.77339e-01
2024  02  09  0850  60349  31800  4.19334e+00  2.92339e-01  2.30339e-01  2.08339e-01  1.90339e-01  1.83339e-01
2024  02  09  0855  60349  32100  4.18834e+00  3.55339e-01  2.56339e-01  1.85339e-01  1.77339e-01  1.73339e-01
2024  02  09  0900  60349  32400  4.69201e+00  2.33006e-01  2.24006e-01  1.89006e-01  1.85006e-01  1.82006e-01
2024  02  09  0905  60349  32700  4.63767e+00  2.83673e-01  2.59673e-01  2.17673e-01  2.16673e-01  1.98673e-01
2024  02  09  0910  60349  33000  4.79834e+00  2.33339e-01  2.05339e-01  1.89339e-01  1.86339e-01  1.82339e-01
2024  02  09  0915  60349  33300  4.86367e+00  2.98673e-01  2.71673e-01  2.23673e-01  2.20673e-01  2.14673e-01
2024  02  09  0920  60349  33600  5.53734e+00  2.99340e-01  2.32340e-01  1.96340e-01  1.93340e-01  1.90340e-01
2024  02  09  0925  60349  33900  5.62834e+00  2.05339e-01  1.86339e-01  1.71339e-01  1.61339e-01  1.60339e-01
2024  02  09  0930  60349  34200  4.89067e+00  2.52673e-01  2.28673e-01  1.86673e-01  1.83673e-01  1.75673e-01
2024  02  09  0935  60349  34500  4.58201e+00  2.97006e-01  2.80006e-01  2.32006e-01  2.28006e-01  2.22006e-01
2024  02  09  0940  60349  34800  4.30201e+00  3.34007e-01  2.74007e-01  1.96007e-01  1.95007e-01  1.94007e-01
2024  02  09  0945  60349  35100  4.84834e+00  2.45340e-01  2.37340e-01  2.05340e-01  2.02340e-01  1.95340e-01
2024  02  09  0950  60349  35400  4.72967e+00  2.67673e-01  2.22673e-01  1.86673e-01  1.85673e-01  1.84673e-01
2024  02  09  0955  60349  35700  4.18101e+00  3.12005e-01  2.40005e-01  1.72005e-01  1.70005e-01  1.63005e-01
2024  02  09  1000  60349  36000  4.72767e+00  3.00673e-01  2.36673e-01  1.95673e-01  1.94673e-01  1.83673e-01
2024  02  09  1005  60349  36300  4.55001e+00  2.99006e-01  2.43007e-01  2.04007e-01  1.99007e-01  1.96007e-01
2024  02  09  1010  60349  36600  5.35167e+00  3.60672e-01  3.07672e-01  1.96672e-01  1.95672e-01  1.87672e-01
2024  02  09  1015  60349  36900  5.94634e+00  2.50339e-01  2.35339e-01  1.87339e-01  1.80339e-01  1.80339e-01
2024  02  09  1020  60349  37200  4.99767e+00  2.18672e-01  2.09672e-01  2.00672e-01  1.99672e-01  1.92672e-01
2024  02  09  1025  60349  37500  5.53367e+00  2.27673e-01  2.18673e-01  2.09673e-01  2.05673e-01  2.04673e-01
2024  02  09  1030  60349  37800  4.95701e+00  2.49006e-01  2.41006e-01  2.06006e-01  2.02006e-01  1.96006e-01
2024  02  09  1035  60349  38100  3.55434e+00  2.84339e-01  2.28339e-01  2.02339e-01  1.99339e-01  1.94339e-01
2024  02  09  1040  60349  38400  4.17801e+00  3.15005e-01  2.67005e-01  1.87005e-01  1.85005e-01  1.65005e-01
2024  02  09  1045  60349  38700  4.24101e+00  3.35006e-01  2.60006e-01  2.18006e-01  2.15006e-01  1.98006e-01
2024  02  09  1050  60349  39000  3.76901e+00  2.24006e-01  2.13006e-01  1.98006e-01  1.95006e-01  1.88006e-01
2024  02  09  1055  60349  39300  4.21267e+00  1.99672e-01  1.79672e-01  1.71672e-01  1.70672e-01  1.64672e-01
2024  02  09  1100  60349  39600  3.93667e+00  5.13673e-01  3.27673e-01  2.04673e-01  2.01673e-01  1.94673e-01
2024  02  09  1105  60349  39900  3.41334e+00  2.10339e-01  1.90339e-01  1.81339e-01  1.74339e-01  1.73339e-01
2024  02  09  1110  60349  40200  3.69967e+00  2.26673e-01  2.17673e-01  2.08673e-01  2.07673e-01  2.01673e-01
2024  02  09  1115  60349  40500  3.32801e+00  2.42006e-01  2.33006e-01  1.78006e-01  1.70006e-01  1.67006e-01
2024  02  09  1120  60349  40800  3.73300e+00  2.92005e-01  2.35005e-01  1.64005e-01  1.60005e-01  1.55005e-01
2024  02  09  1125  60349  41100  3.48701e+00  3.06006e-01  2.44006e-01  1.86006e-01  1.81006e-01  1.80006e-01
2024  02  09  1130  60349  41400  3.33401e+00  3.19006e-01  2.75006e-01  1.86006e-01  1.85006e-01  1.79006e-01
2024  02  09  1135  60349  41700  2.80234e+00  2.79340e-01  2.64340e-01  2.16340e-01  2.11340e-01  2.08340e-01
2024  02  09  1140  60349  42000  3.51501e+00  2.53007e-01  2.44007e-01  2.29007e-01  2.28007e-01  2.27007e-01
2024  02  09  1145  60349  42300  3.35067e+00  3.76671e-01  2.36671e-01  1.65671e-01  1.61671e-01  1.61671e-01
2024  02  09  1150  60349  42600  2.96401e+00  2.72006e-01  2.42006e-01  2.08006e-01  2.00006e-01  1.96006e-01
2024  02  09  1155  60349  42900  3.84434e+00  4.03339e-01  3.24339e-01  1.95339e-01  1.94339e-01  1.80339e-01
2024  02  09  1200  60349  43200  3.83401e+00  2.55006e-01  2.15006e-01  1.95006e-01  1.94006e-01  1.89006e-01
2024  02  09  1205  60349  43500  3.95701e+00  2.34005e-01  2.01005e-01  1.92005e-01  1.71005e-01  1.62005e-01
2024  02  09  1210  60349  43800  3.48501e+00  2.79005e-01  2.57005e-01  1.77005e-01  1.70005e-01  1.69005e-01
2024  02  09  1215  60349  44100  3.53934e+00  2.77341e-01  2.42341e-01  2.24341e-01  2.21341e-01  2.14341e-01
2024  02  09  1220  60349  44400  3.76667e+00  2.23673e-01  2.14673e-01  1.99673e-01  1.95673e-01  1.88673e-01
2024  02  09  1225  60349  44700  3.00534e+00  2.71339e-01  2.46339e-01  2.04339e-01  2.01339e-01  1.98339e-01
2024  02  09  1230  60349  45000  3.30134e+00  3.84339e-01  2.85339e-01  2.14339e-01  2.10339e-01  2.02339e-01
2024  02  09  1235  60349  45300  3.49567e+00  3.62673e-01  2.00673e-01  1.79673e-01  1.78673e-01  1.73673e-01
2024  02  09  1240  60349  45600  2.98701e+00  3.86007e-01  2.88007e-01  2.17007e-01  2.06007e-01  1.99007e-01
2024  02  09  1245  60349  45900  2.79401e+00  3.19006e-01  2.20006e-01  1.73006e-01  1.72006e-01  1.67006e-01
2024  02  09  1250  60349  46200  2.68534e+00  2.34340e-01  2.23340e-01  2.14340e-01  2.11340e-01  2.08340e-01
2024  02  09  1255  60349  46500  3.34201e+00  4.26006e-01  2.70006e-01  1.87006e-01  1.83006e-01  1.76006e-01
2024  02  09  1300  60349  46800  3.12267e+00  2.84673e-01  2.73673e-01  2.13673e-01  2.07673e-01  2.06673e-01
2024  02  09  1305  60349  47100  4.23167e+00  5.24673e-01  3.55673e-01  2.18673e-01  2.07673e-01  2.00673e-01
2024  02  09  1310  60349  47400  3.92501e+00  3.35007e-01  2.52007e-01  2.05007e-01  2.02007e-01  2.00007e-01
2024  02  09  1315  60349  47700  4.02967e+00  2.47673e-01  2.17673e-01  2.08673e-01  2.05673e-01  1.99673e-01
2024  02  09  1320  60349  48000  3.72734e+00  2.37339e-01  2.12339e-01  1.97339e-01  1.94339e-01  1.66339e-01
2024  02  09  1325  60349  48300  4.16934e+00  2.85340e-01  2.56340e-01  2.42340e-01  2.11340e-01  1.92340e-01
2024  02  09  1330  60349  48600  4.74634e+00  4.13340e-01  2.34340e-01  1.97340e-01  1.96340e-01  1.90340e-01
2024  02  09  1335  60349  48900  4.93534e+00  3.89339e-01  2.51339e-01  2.18339e-01  2.05339e-01  1.92339e-01
2024  02  09  1340  60349  49200  5.25034e+00  4.60340e-01  2.62340e-01  2.23340e-01  2.02340e-01  1.94340e-01
2024  02  09  1345  60349  49500  4.94767e+00  3.40674e-01  2.47674e-01  2.30674e-01  2.27674e-01  2.19674e-01
2024  02  09  1350  60349  49800  4.18434e+00  4.27340e-01  3.10340e-01  2.69340e-01  2.45340e-01  2.11340e-01
2024  02  09  1355  60349  50100  4.66967e+00  3.80673e-01  2.99673e-01  2.25673e-01  2.23673e-01  1.91673e-01
2024  02  09  1400  60349  50400  4.90501e+00  5.02005e-01  3.87005e-01  3.16005e-01  2.80005e-01  1.80005e-01
2024  02  09  1405  60349  50700  4.98934e+00  6.28340e-01  5.43340e-01  4.95340e-01  4.12340e-01  2.55340e-01
2024  02  09  1410  60349  51000  5.08601e+00  1.00201e+00  8.06006e-01  4.80006e-01  3.48006e-01  1.99006e-01
2024  02  09  1415  60349  51300  5.74801e+00  7.88006e-01  7.03006e-01  5.75006e-01  4.48006e-01  2.12006e-01
2024  02  09  1420  60349  51600  5.53001e+00  6.48007e-01  5.91007e-01  5.52007e-01  4.62007e-01  2.46007e-01
2024  02  09  1425  60349  51900  6.25634e+00  6.29340e-01  5.57340e-01  4.46340e-01  3.58340e-01  2.18340e-01
2024  02  09  1430  60349  52200  7.22934e+00  5.69340e-01  5.44340e-01  4.47340e-01  3.66340e-01  2.24340e-01
2024  02  09  1435  60349  52500  7.07801e+00  8.31006e-01  7.27006e-01  4.14006e-01  2.86006e-01  1.94006e-01
2024  02  09  1440  60349  52800  8.35734e+00  1.60634e+00  1.53934e+00  7.36340e-01  4.61340e-01  2.84340e-01
2024  02  09  1445  60349  53100  8.86201e+00  1.72701e+00  1.68401e+00  7.91007e-01  4.76007e-01  2.40007e-01
2024  02  09  1450  60349  53400  8.97401e+00  1.64601e+00  1.55701e+00  8.83007e-01  5.00007e-01  2.30007e-01
2024  02  09  1455  60349  53700  9.30401e+00  2.02101e+00  1.94901e+00  9.89006e-01  5.41006e-01  2.43006e-01
2024  02  09  1500  60349  54000  1.08167e+01  3.11167e+00  2.99567e+00  1.10067e+00  5.26673e-01  2.23673e-01
2024  02  09  1505  60349  54300  1.03673e+01  3.38934e+00  3.24434e+00  1.41634e+00  7.30342e-01  2.94342e-01
2024  02  09  1510  60349  54600  1.37147e+01  5.73267e+00  5.55067e+00  2.01167e+00  8.49674e-01  2.89674e-01
2024  02  09  1515  60349  54900  1.62887e+01  7.87667e+00  7.30967e+00  2.29367e+00  8.75674e-01  2.60674e-01
2024  02  09  1520  60349  55200  1.78927e+01  8.78067e+00  8.44467e+00  2.36067e+00  8.73673e-01  2.93673e-01
2024  02  09  1525  60349  55500  1.87937e+01  1.07377e+01  9.92367e+00  2.57767e+00  8.93674e-01  2.86674e-01
2024  02  09  1530  60349  55800  2.25593e+01  1.32343e+01  1.23813e+01  3.05334e+00  9.90341e-01  3.40341e-01
2024  02  09  1535  60349  56100  2.81213e+01  1.74153e+01  1.61463e+01  3.93834e+00  1.18634e+00  3.22341e-01
2024  02  09  1540  60349  56400  3.21693e+01  2.18753e+01  1.99713e+01  4.43434e+00  1.34234e+00  3.44340e-01
2024  02  09  1545  60349  56700  3.39620e+01  2.39470e+01  2.14220e+01  4.82501e+00  1.29601e+00  3.27008e-01
2024  02  09  1550  60349  57000  3.61677e+01  2.55657e+01  2.28007e+01  5.15168e+00  1.56068e+00  3.51676e-01
2024  02  09  1555  60349  57300  3.90137e+01  2.78907e+01  2.46837e+01  5.42668e+00  1.59668e+00  3.74676e-01
2024  02  09  1600  60349  57600  4.01997e+01  2.91007e+01  2.60027e+01  5.85067e+00  1.71567e+00  3.25674e-01
2024  02  09  1605  60349  57900  4.56373e+01  3.35183e+01  2.91863e+01  6.18634e+00  1.68934e+00  3.44341e-01
2024  02  09  1610  60349  58200  4.73780e+01  3.60100e+01  3.13580e+01  6.79201e+00  1.89201e+00  3.53010e-01
2024  02  09  1615  60349  58500  5.30710e+01  4.02610e+01  3.44410e+01  7.19101e+00  2.07401e+00  3.90010e-01
2024  02  09  1620  60349  58800  5.28443e+01  3.98783e+01  3.41103e+01  6.87234e+00  1.99834e+00  3.63340e-01
2024  02  09  1625  60349  59100  5.77587e+01  4.45607e+01  3.84257e+01  7.70068e+00  2.00868e+00  3.83676e-01
2024  02  09  1630  60349  59400  6.12180e+01  4.76070e+01  4.08720e+01  8.40501e+00  2.15701e+00  3.44009e-01
2024  02  09  1635  60349  59700  6.55923e+01  5.06663e+01  4.31173e+01  8.01534e+00  1.94934e+00  4.72342e-01
2024  02  09  1640  60349  60000  7.28987e+01  5.76467e+01  4.84727e+01  9.01768e+00  2.20968e+00  4.40677e-01
2024  02  09  1645  60349  60300  7.56530e+01  6.14030e+01  5.10550e+01  8.97501e+00  1.95101e+00  3.81010e-01
2024  02  09  1650  60349  60600  8.53017e+01  6.86287e+01  5.73417e+01  1.00177e+01  2.25768e+00  4.30676e-01
2024  02  09  1655  60349  60900  9.04077e+01  7.23187e+01  5.99287e+01  1.00427e+01  2.01868e+00  3.54676e-01
2024  02  09  1700  60349  61200  9.51887e+01  7.92727e+01  6.44597e+01  1.03587e+01  2.29168e+00  4.18677e-01
2024  02  09  1705  60349  61500  9.42203e+01  7.67913e+01  6.32023e+01  1.11823e+01  2.40334e+00  3.96344e-01
2024  02  09  1710  60349  61800  9.74953e+01  7.91093e+01  6.41103e+01  1.09433e+01  2.45134e+00  4.11343e-01
2024  02  09  1715  60349  62100  9.74267e+01  7.98907e+01  6.45767e+01  1.11927e+01  2.40668e+00  4.41676e-01
2024  02  09  1720  60349  62400  1.05162e+02  8.58167e+01  6.84647e+01  1.10207e+01  2.33868e+00  4.62678e-01
2024  02  09  1725  60349  62700  1.06481e+02  8.61723e+01  6.96263e+01  1.16993e+01  2.51934e+00  4.48344e-01
2024  02  09  1730  60349  63000  1.12416e+02  9.03853e+01  7.17923e+01  1.32003e+01  2.78134e+00  4.49344e-01
2024  02  09  1735  60349  63300  1.15417e+02  9.39607e+01  7.55237e+01  1.37897e+01  2.76468e+00  4.19678e-01
2024  02  09  1740  60349  63600  1.23190e+02  1.01933e+02  8.17623e+01  1.35203e+01  2.82534e+00  3.71344e-01
2024  02  09  1745  60349  63900  1.27242e+02  1.01829e+02  8.15453e+01  1.34223e+01  2.79534e+00  4.52344e-01
2024  02  09  1750  60349  64200  1.31216e+02  1.04201e+02  8.33577e+01  1.36997e+01  2.73768e+00  3.81677e-01
2024  02  09  1755  60349  64500  1.32133e+02  1.05564e+02  8.32467e+01  1.39537e+01  2.81568e+00  4.51677e-01
2024  02  09  1800  60349  64800  1.37093e+02  1.11151e+02  8.85993e+01  1.42873e+01  2.87034e+00  4.29344e-01
2024  02  09  1805  60349  65100  1.42258e+02  1.15982e+02  9.29677e+01  1.39637e+01  2.63468e+00  3.53676e-01
2024  02  09  1810  60349  65400  1.51135e+02  1.21291e+02  9.51800e+01  1.47460e+01  2.84201e+00  4.00009e-01
2024  02  09  1815  60349  65700  1.55962e+02  1.26091e+02  1.01380e+02  1.67013e+01  3.27534e+00  4.21344e-01
2024  02  09  1820  60349  66000  1.64536e+02  1.32931e+02  1.07162e+02  1.78690e+01  3.51301e+00  4.63011e-01
2024  02  09  1825  60349  66300  1.78121e+02  1.42102e+02  1.13475e+02  1.73083e+01  3.23134e+00  4.01343e-01
2024  02  09  1830  60349  66600  1.84274e+02  1.44462e+02  1.12475e+02  1.74380e+01  3.40601e+00  3.93010e-01
2024  02  09  1835  60349  66900  1.80045e+02  1.38744e+02  1.05024e+02  1.54173e+01  2.98234e+00  3.68342e-01
2024  02  09  1840  60349  67200  1.75641e+02  1.32458e+02  1.01075e+02  1.56363e+01  2.77634e+00  3.96344e-01
2024  02  09  1845  60349  67500  1.69309e+02  1.27836e+02  9.83530e+01  1.53220e+01  2.65201e+00  3.35009e-01
2024  02  09  1850  60349  67800  1.66993e+02  1.24789e+02  9.51583e+01  1.41563e+01  2.41934e+00  3.37342e-01
2024  02  09  1855  60349  68100  1.63900e+02  1.21901e+02  9.29020e+01  1.39940e+01  2.56701e+00  3.88009e-01
2024  02  09  1900  60349  68400  1.51752e+02  1.12918e+02  8.49070e+01  1.30850e+01  2.55101e+00  3.73010e-01
2024  02  09  1905  60349  68700  1.49326e+02  1.12186e+02  8.31940e+01  1.21250e+01  2.52801e+00  4.03011e-01
2024  02  09  1910  60349  69000  1.47730e+02  1.09199e+02  8.21850e+01  1.27360e+01  2.42801e+00  3.53009e-01
2024  02  09  1915  60349  69300  1.53848e+02  1.13964e+02  8.62393e+01  1.40783e+01  2.58734e+00  3.57342e-01
2024  02  09  1920  60349  69600  1.58530e+02  1.18811e+02  9.10320e+01  1.49320e+01  2.64701e+00  4.14009e-01
2024  02  09  1925  60349  69900  1.61499e+02  1.16084e+02  8.80493e+01  1.34883e+01  2.31834e+00  3.90343e-01
2024  02  09  1930  60349  70200  1.55972e+02  1.11003e+02  8.36683e+01  1.27423e+01  2.15234e+00  3.58342e-01
2024  02  09  1935  60349  70500  1.60590e+02  1.14573e+02  8.84107e+01  1.39897e+01  2.27668e+00  3.76676e-01
2024  02  09  1940  60349  70800  1.62823e+02  1.18308e+02  9.20803e+01  1.46403e+01  2.49034e+00  3.67341e-01
2024  02  09  1945  60349  71100  1.57595e+02  1.14873e+02  8.87383e+01  1.41733e+01  2.41534e+00  3.43343e-01
2024  02  09  1950  60349  71400  1.61355e+02  1.15433e+02  8.92487e+01  1.39367e+01  2.43167e+00  3.09674e-01
2024  02  09  1955  60349  71700  1.61542e+02  1.15659e+02  8.96563e+01  1.38103e+01  2.56234e+00  3.67343e-01
2024  02  09  2000  60349  72000  1.63512e+02  1.17112e+02  8.98597e+01  1.43967e+01  2.68168e+00  4.34678e-01
2024  02  09  2005  60349  72300  1.65911e+02  1.17314e+02  9.04260e+01  1.43460e+01  2.65701e+00  3.63010e-01
2024  02  09  2010  60349  72600  1.72487e+02  1.18511e+02  9.15910e+01  1.43160e+01  2.50501e+00  3.85010e-01
2024  02  09  2015  60349  72900  1.73913e+02  1.16580e+02  8.82530e+01  1.38620e+01  2.37501e+00  3.59008e-01
2024  02  09  2020  60349  73200  1.81530e+02  1.22028e+02  9.40807e+01  1.57857e+01  2.94168e+00  4.41676e-01
2024  02  09  2025  60349  73500  1.89206e+02  1.26586e+02  9.79203e+01  1.59323e+01  3.02834e+00  4.04342e-01
2024  02  09  2030  60349  73800  2.00663e+02  1.28596e+02  9.90657e+01  1.57327e+01  2.84468e+00  4.27677e-01
2024  02  09  2035  60349  74100  1.96509e+02  1.26990e+02  9.53480e+01  1.59170e+01  2.85201e+00  4.31011e-01
2024  02  09  2040  60349  74400  2.02399e+02  1.32158e+02  1.00229e+02  1.69673e+01  3.17834e+00  3.82341e-01
2024  02  09  2045  60349  74700  2.08744e+02  1.33455e+02  1.00677e+02  1.60000e+01  2.81301e+00  4.16009e-01
2024  02  09  2050  60349  75000  2.18677e+02  1.37883e+02  1.04131e+02  1.57617e+01  2.74568e+00  3.80677e-01
2024  02  09  2055  60349  75300  2.21661e+02  1.44159e+02  1.09359e+02  1.73730e+01  3.24001e+00  4.52009e-01
2024  02  09  2100  60349  75600  2.28887e+02  1.45397e+02  1.09085e+02  1.67690e+01  3.01101e+00  4.54010e-01
2024  02  09  2105  60349  75900  2.46075e+02  1.42534e+02  1.05205e+02  1.67987e+01  3.07867e+00  3.73675e-01
2024  02  09  2110  60349  76200  2.63460e+02  1.42309e+02  1.02705e+02  1.65907e+01  3.05468e+00  4.62677e-01
2024  02  09  2115  60349  76500  2.86936e+02  1.40515e+02  9.81547e+01  1.62697e+01  3.00768e+00  4.41678e-01
2024  02  09  2120  60349  76800  3.01237e+02  1.35417e+02  9.29610e+01  1.61740e+01  2.95601e+00  4.21010e-01
2024  02  09  2125  60349  77100  3.12549e+02  1.27390e+02  8.64057e+01  1.53657e+01  2.79568e+00  4.31677e-01
2024  02  09  2130  60349  77400  2.99801e+02  1.17419e+02  8.04447e+01  1.49247e+01  2.84067e+00  3.26675e-01
2024  02  09  2135  60349  77700  2.87144e+02  1.11449e+02  7.77997e+01  1.46437e+01  2.84068e+00  3.18676e-01
2024  02  09  2140  60349  78000  3.03876e+02  1.15989e+02  8.26217e+01  1.60417e+01  3.11668e+00  3.59676e-01
2024  02  09  2145  60349  78300  3.11652e+02  1.15010e+02  8.19907e+01  1.59547e+01  3.01568e+00  3.87676e-01
2024  02  09  2150  60349  78600  3.11470e+02  1.07673e+02  7.69883e+01  1.61043e+01  3.33034e+00  3.62343e-01
2024  02  09  2155  60349  78900  2.95276e+02  1.09296e+02  8.01960e+01  1.71050e+01  3.47401e+00  4.15013e-01
2024  02  09  2200  60349  79200  2.96893e+02  1.09502e+02  8.29327e+01  1.76597e+01  3.54868e+00  4.25678e-01
2024  02  09  2205  60349  79500  3.10438e+02  1.15566e+02  8.66667e+01  1.86347e+01  4.01468e+00  4.29676e-01
2024  02  09  2210  60349  79800  3.24320e+02  1.15105e+02  8.54487e+01  1.76457e+01  3.77268e+00  4.12679e-01
2024  02  09  2215  60349  80100  3.10688e+02  1.05328e+02  7.73343e+01  1.63143e+01  3.52734e+00  4.16345e-01
2024  02  09  2220  60349  80400  2.99821e+02  1.02142e+02  7.59527e+01  1.67017e+01  3.63368e+00  4.31679e-01
2024  02  09  2225  60349  80700  2.86155e+02  9.90897e+01  7.46177e+01  1.68417e+01  3.79968e+00  4.24678e-01
2024  02  09  2230  60349  81000  2.78389e+02  9.80420e+01  7.35690e+01  1.61750e+01  3.64901e+00  4.09011e-01
2024  02  09  2235  60349  81300  2.38628e+02  8.81120e+01  6.68660e+01  1.66870e+01  4.09801e+00  3.67010e-01
2024  02  09  2240  60349  81600  1.99855e+02  8.65417e+01  6.65357e+01  1.64277e+01  4.22868e+00  4.41678e-01
2024  02  09  2245  60349  81900  1.22883e+02  8.68287e+01  6.92327e+01  1.70347e+01  4.26268e+00  4.56677e-01
2024  02  09  2250  60349  82200  1.23951e+02  1.01915e+02  8.12477e+01  1.67837e+01  4.12168e+00  4.65677e-01
2024  02  09  2255  60349  82500  1.41568e+02  1.21995e+02  9.33047e+01  1.81727e+01  4.00668e+00  5.67678e-01
2024  02  09  2300  60349  82800  1.50730e+02  1.28468e+02  9.59230e+01  1.81500e+01  3.72401e+00  4.17011e-01
2024  02  09  2305  60349  83100  1.52967e+02  1.32134e+02  9.88763e+01  1.96613e+01  3.91434e+00  4.68344e-01
2024  02  09  2310  60349  83400  1.64338e+02  1.41531e+02  1.04617e+02  2.26703e+01  5.03734e+00  5.21345e-01
2024  02  09  2315  60349  83700  1.75291e+02  1.48014e+02  1.13213e+02  2.53230e+01  5.84801e+00  5.52011e-01
2024  02  09  2320  60349  84000  1.81277e+02  1.49105e+02  1.13730e+02  2.61370e+01  6.20401e+00  6.30013e-01
2024  02  09  2325  60349  84300  1.96721e+02  1.55965e+02  1.17437e+02  2.75747e+01  6.52368e+00  5.87679e-01
2024  02  09  2330  60349  84600  2.01865e+02  1.62287e+02  1.22655e+02  2.92723e+01  6.95135e+00  6.98347e-01
2024  02  09  2335  60349  84900  2.16794e+02  1.79173e+02  1.38804e+02  3.12627e+01  6.71768e+00  6.22678e-01
2024  02  09  2340  60349  85200  2.34713e+02  1.99523e+02  1.56687e+02  3.26357e+01  6.76568e+00  6.49682e-01
